## In fb
## For Mono H -> bb
SignalXS={'M600':    0.052432,
          'M700':    0.053500, ## scaled
          'M800':    0.055814,
          'M900':    0.500000,## scaled
          'M1000':   0.043847,
          'M1200':   0.032235,
          'M1500':   0.019893
}

## For backgrounds
BackgroundXS={
    'DY'        : 18610000.,
    'ZH'        : 969.6,
    'QCD'       : 89731000000000.,
    'TTJets'    : 831760.,
    'WJets'     : 60290000.
}

