#ifndef PileUpWeights_h_
#define PileUpWeights_h_
using namespace std;
class PileUpWeights{
 public:
  PileUpWeights(){};
  ~PileUpWeights(){};
  
  Float_t  puweight[60];
  static void SetWeights(){
    puweight[0]  =  0;
    puweight[1]  =  17.6628;
    puweight[2]  =  3.24952;
    puweight[3]  =  1.40886;
    puweight[4]  =  1.39813;
    puweight[5]  =  1.28062;
    puweight[6]  =  1.28636;
    puweight[7]  =  1.23064;
    puweight[8]  =  1.17359;
    puweight[9]  =  1.19847;
    puweight[10]  =  1.17284;
    puweight[11]  =  1.17266;
    puweight[12]  =  1.13214;
    puweight[13]  =  1.12364;
    puweight[14]  =  1.08362;
    puweight[15]  =  1.05483;
    puweight[16]  =  1.00052;
    puweight[17]  =  0.989527;
    puweight[18]  =  0.916223;
    puweight[19]  =  0.858017;
    puweight[20]  =  0.793555;
    puweight[21]  =  0.729238;
    puweight[22]  =  0.663819;
    puweight[23]  =  0.584241;
    puweight[24]  =  0.494359;
    puweight[25]  =  0.401218;
    puweight[26]  =  0.378865;
    puweight[27]  =  0.311874;
    puweight[28]  =  0.282178;
    puweight[29]  =  0.213242;
    puweight[30]  =  0.233542;
    puweight[31]  =  0.151114;
    puweight[32]  =  0.1561;
    puweight[33]  =  0.130434;
    puweight[34]  =  0.0759634;
    puweight[35]  =  0.115125;
    puweight[36]  =  0.0600164;
    puweight[37]  =  0.0707986;
    puweight[38]  =  0.0454291;
    puweight[39]  =  0.0573841;
    puweight[40]  =  0.0474043;
    puweight[41]  =  0.181716;
    puweight[42]  =  0.0908581;
    puweight[43]  =  0;
    puweight[44]  =  0;
    puweight[45]  =  0;
    puweight[46]  =  0;
    puweight[47]  =  0;
    puweight[48]  =  0;
    puweight[49]  =  0;
    puweight[50]  =  0;
    puweight[51]  =  0;
    puweight[52]  =  0;
    puweight[53]  =  0;
    puweight[54]  =  0;
    puweight[55]  =  0;
    puweight[56]  =  0;
    puweight[57]  =  0;
    puweight[58]  =  0;
    puweight[59]  =  0;
  }
  
  static Float_t PUWEIGHT(Int_t nvtx){
    return puweight[nvtx];
  }
  
};
#endif
